1957.266602 733.357666
1844.744263 728.270142
1732.256104 721.343506
1620.000000 715.000000
1505.223633 709.127136
1390.317871 703.294434
1946.858887 848.114746
1835.542480 841.495972
1722.468750 836.470276
1610.007080 829.848267
1496.619385 824.733398
1383.492554 817.882690
1936.673828 959.776611
1825.157104 954.655151
1713.407593 948.538696
1601.370117 943.848145
1488.347046 936.694336
1375.875244 932.558838
1926.373657 1071.643311
1815.883911 1065.633789
1704.586548 1061.026123
1592.394653 1054.059692
1481.398315 1050.500854
1368.649048 1044.533081
1916.886841 1180.846191
1806.577026 1176.785889
1697.000000 1172.000000
1585.088013 1166.746338
1473.130859 1160.462769
1361.862427 1157.072388
1907.135620 1290.384033
1797.376587 1284.763428
1688.149048 1281.483032
1578.000000 1277.000000
1466.716431 1272.163452
1354.542603 1266.562866
1897.632568 1397.611572
1789.045044 1394.151611
1679.532715 1389.308228
1569.738281 1385.687378
1460.000000 1382.000000
1348.297363 1377.284424
1888.176392 1505.105957
1780.024780 1500.754883
1671.831909 1497.771362
1561.621704 1492.989014
1452.163330 1490.192261
1341.425293 1485.929565
1893.796021 733.982239
1776.000000 726.000000
1659.479004 718.463379
1548.000000 711.000000
1439.278931 703.350464
1333.593750 696.593811
1882.389038 853.351929
1764.848633 842.185120
1648.918823 833.637451
1539.130493 823.068481
1430.864258 814.898010
1327.176880 805.375488
1872.471069 967.898987
1753.944336 957.539001
1640.256226 944.544678
1530.621826 935.110474
1423.595581 923.132263
1320.128052 913.834412
1862.423218 1084.167969
1744.933472 1069.248291
1631.494751 1057.478638
1522.642578 1043.871582
1416.790405 1032.634888
1313.376709 1019.990540
1853.000000 1198.000000
1736.732300 1182.551880
1623.365967 1166.325439
1515.062012 1153.515259
1409.116089 1138.674561
1307.210938 1126.535767
1842.114502 1310.303223
1727.190063 1292.350342
1615.706787 1276.997192
1506.857788 1259.744507
1402.791382 1246.053955
1300.572021 1230.600098
1832.727783 1420.548340
1718.734253 1403.171875
1607.424194 1384.287964
1500.246948 1368.014526
1395.441528 1350.145508
1294.687256 1335.216064
1822.972900 1531.455444
1709.576294 1510.943481
1599.806519 1492.605957
1492.446777 1472.856812
1389.065552 1455.864380
1288.099854 1437.702637
1806.046997 732.411011
1701.000000 723.000000
1600.194824 715.352905
1504.814453 708.628845
1416.659058 700.027649
1331.289673 693.376770
1796.000000 852.000000
1690.531006 840.059509
1590.256714 829.791626
1497.996094 817.674438
1408.799683 808.138672
1325.572876 797.515686
1786.000000 971.000000
1682.000000 956.000000
1582.264771 939.339844
1490.024170 927.260803
1402.520264 913.098022
1319.056519 901.279297
1774.732666 1088.317139
1673.000000 1069.000000
1574.515137 1051.564087
1482.819580 1033.486450
1395.791504 1018.834473
1312.946899 1003.070435
1767.000000 1204.000000
1662.929199 1181.423584
1565.982910 1158.348877
1475.781494 1141.121704
1390.000000 1123.000000
1307.088257 1105.022217
1756.644775 1317.877563
1656.000000 1293.000000
1558.994019 1268.807251
1469.000000 1247.000000
1382.812012 1225.424927
1300.696045 1204.145874
1747.090576 1429.080933
1646.974487 1402.530884
1552.000000 1376.000000
1461.723145 1350.913086
1377.000000 1327.000000
1295.275513 1304.686523
1738.566162 1542.104126
1638.583740 1510.219482
1544.431274 1482.045044
1454.610107 1453.198242
1370.120239 1428.102295
1288.875244 1401.549561
1733.475708 729.679749
1650.000000 721.000000
1569.005493 713.037415
1497.000000 706.000000
1427.442871 698.679199
1362.598022 692.633118
1724.000000 851.000000
1638.536621 836.205261
1562.000000 826.000000
1488.561890 813.957703
1420.368774 804.090698
1357.361328 793.618652
1713.023560 968.220703
1629.610107 953.462219
1554.000000 937.000000
1480.972412 922.116882
1414.567017 907.063293
1350.995972 894.403198
1706.000000 1088.000000
1623.000000 1066.000000
1545.489014 1046.432373
1473.937134 1025.339355
1407.902954 1010.220764
1345.288696 992.813232
1697.000000 1204.000000
1613.834229 1178.129761
1539.000000 1154.000000
1467.720703 1132.321289
1401.238770 1109.483154
1339.866943 1092.225952
1687.327637 1318.525513
1607.000000 1289.000000
1531.074097 1261.372681
1462.000000 1236.000000
1395.786377 1212.007324
1335.000000 1190.000000
1679.314575 1431.209595
1598.913818 1398.578857
1525.000000 1367.000000
1454.749146 1338.215698
1390.000000 1311.000000
1328.828735 1285.963257
1670.672607 1544.057495
1592.000000 1507.000000
1517.664185 1472.319458
1449.000000 1440.000000
1384.015015 1409.709106
1324.000000 1381.000000
1961.649414 730.355957
1870.314209 726.938660
1776.054443 721.900879
1679.000000 717.000000
1577.124756 712.937134
1471.593994 709.360474
1952.010010 840.718994
1860.947998 837.757813
1765.994263 836.286499
1668.895020 832.508179
1568.138428 831.328125
1464.842407 827.596741
1942.575806 948.799622
1851.723633 948.957336
1757.204712 947.048340
1660.228760 947.833008
1560.351685 945.947876
1456.735718 946.607300
1933.241821 1057.056763
1842.726807 1057.471680
1749.043945 1059.251343
1653.000000 1061.000000
1552.751831 1061.880859
1449.171265 1062.239380
1923.358276 1162.290894
1834.208862 1166.450684
1740.481567 1168.441528
1644.228149 1172.532349
1546.000000 1176.000000
1442.444092 1178.727539
1915.364258 1269.114990
1825.252075 1273.116577
1733.208008 1278.463623
1638.000000 1284.000000
1537.875732 1288.289917
1436.000000 1294.000000
1906.230591 1373.180542
1817.112183 1380.176758
1726.000000 1387.000000
1629.862671 1393.629272
1531.000000 1401.000000
1428.348877 1407.969116
1897.886719 1477.415771
1808.717896 1485.276611
1717.023560 1493.849976
1621.279663 1502.006104
1523.452637 1511.689941
1421.046631 1520.595825
1923.210327 725.529541
1856.341309 723.762329
1786.472900 719.989746
1713.000000 717.000000
1633.859131 714.140625
1550.485352 712.906372
1914.244141 831.493286
1848.096069 830.819580
1777.473389 832.083862
1703.455811 830.656616
1627.000000 832.000000
1543.552979 831.682068
1905.939453 934.859497
1839.103027 938.907837
1769.156616 940.312073
1696.000000 944.000000
1617.698975 946.840271
1535.512085 951.964600
1897.759644 1038.751587
1831.014404 1043.356323
1761.973755 1050.228882
1689.000000 1056.000000
1610.022583 1063.036011
1529.000000 1070.000000
1889.582886 1140.621582
1824.086914 1149.277710
1755.000000 1158.000000
1680.810303 1166.986450
1604.000000 1177.000000
1521.679443 1186.368042
1881.861572 1242.759888
1815.853271 1252.931641
1746.762085 1264.569702
1674.000000 1277.000000
1596.087036 1289.615356
1515.000000 1303.000000
1874.010376 1342.915527
1808.394653 1356.564453
1738.033203 1369.452759
1666.430908 1385.303833
1590.000000 1401.000000
1507.780396 1418.250244
1866.427490 1443.156250
1800.656982 1458.585938
1731.986938 1475.274170
1658.499146 1492.894531
1582.175171 1512.019897
1500.598633 1531.422974
1598.944824 712.254272
1545.000000 710.000000
1486.556274 708.844238
1423.910522 707.568787
1358.004761 705.048035
1285.654175 703.144775
1591.828857 816.521362
1537.937256 817.543762
1479.788452 819.936462
1417.957275 821.434753
1351.277954 824.178833
1280.175781 826.119263
1585.726807 918.576965
1531.388672 924.213501
1473.656616 928.936096
1411.671143 935.321594
1345.306396 940.950989
1273.837280 948.234192
1579.797852 1020.791504
1525.244629 1028.791626
1467.679932 1038.206177
1405.349609 1046.917236
1339.633301 1057.611084
1267.722168 1068.335571
1573.164307 1121.389893
1519.328491 1133.367065
1461.162476 1145.350464
1400.079834 1158.671143
1333.312744 1172.881958
1262.975952 1187.864014
1567.658936 1222.055542
1512.931519 1236.405273
1455.958740 1252.637817
1395.000000 1270.000000
1328.253662 1287.171021
1256.679688 1306.805420
1561.333618 1321.324707
1507.903809 1339.666870
1449.700195 1358.352295
1388.604370 1378.987915
1322.048950 1400.882935
1252.151611 1423.253906
1556.359863 1420.743286
1501.945313 1441.581543
1444.849487 1463.713867
1382.388794 1487.709717
1317.012695 1513.865723
1245.624878 1541.818359
1785.783081 426.080109
1690.553101 422.869171
1597.327515 418.886292
1504.693237 415.900909
1414.171143 411.880371
1324.058838 408.545624
1779.381470 499.714264
1683.420044 494.845367
1587.647095 491.583801
1494.584839 486.753052
1401.681396 483.435822
1310.999268 478.808838
1773.740723 574.478149
1674.866455 570.764038
1579.095459 565.282532
1482.044922 562.226624
1389.863037 556.115234
1296.711060 551.982056
1766.749878 653.748718
1667.590820 647.444336
1570.000000 643.000000
1472.576904 637.259949
1376.239014 632.733521
1282.973755 627.025208
1761.006104 733.862854
1660.000000 728.000000
1559.443604 722.108521
1461.000000 716.000000
1364.013794 710.641418
1267.562012 704.973022
1753.465210 819.524048
1650.843384 811.312073
1547.951782 806.090698
1448.935303 798.050659
1349.352783 792.335144
1252.922607 785.478455
1747.230957 905.096191
1643.000000 898.000000
1538.189697 890.180176
1435.021729 884.648560
1336.059692 876.034241
1236.363892 869.351929
1740.283203 997.446655
1632.209473 987.267029
1527.280151 980.559631
1423.514893 971.422974
1320.958496 964.189941
1220.254272 955.879578
1593.906128 419.151062
1511.374756 409.682159
1426.744873 396.415680
1336.000000 383.000000
1238.694702 371.296387
1134.362549 356.927246
1614.000000 527.000000
1530.443115 518.300049
1446.000000 510.000000
1353.802979 501.405853
1259.000000 491.000000
1155.666382 481.208405
1632.514404 636.002136
1552.000000 630.000000
1466.000000 625.000000
1373.276489 620.623962
1277.946167 614.024109
1174.182861 607.289734
1653.000000 746.000000
1570.253540 743.668640
1485.000000 741.000000
1393.818115 739.358154
1296.205078 737.705505
1195.128784 734.556946
1673.000000 857.000000
1590.309692 858.887512
1504.529175 858.983826
1413.410645 861.229431
1316.734131 861.414795
1215.000000 863.000000
1694.000000 970.000000
1612.000000 974.000000
1525.303223 978.647522
1433.170776 982.221436
1337.504272 988.173584
1235.000000 993.000000
1715.000000 1084.000000
1632.156616 1091.252808
1548.000000 1100.000000
1455.576416 1107.488892
1359.000000 1117.000000
1256.583008 1125.202026
1736.070435 1200.216431
1655.000000 1211.000000
1570.000000 1223.000000
1478.000000 1235.000000
1381.000000 1248.000000
1277.000000 1262.000000
2144.677979 413.517822
2013.520630 411.500488
1888.354614 408.207214
1765.141235 406.406189
1649.711914 403.206848
1535.466675 402.253784
2129.000000 534.000000
1996.463745 528.430481
1868.282715 524.375610
1746.960327 518.588013
1628.262329 515.734436
1517.102783 510.201752
2110.499268 654.888123
1979.000000 648.000000
1850.428955 640.075195
1728.000000 634.000000
1609.762451 626.371460
1497.000000 621.000000
2092.159668 780.540588
1960.000000 770.000000
1832.000000 759.000000
1707.669800 750.410095
1589.000000 741.000000
1475.636475 733.256836
2076.000000 906.000000
1942.000000 893.000000
1812.000000 881.000000
1687.000000 869.000000
1568.137817 857.004578
1455.000000 847.000000
2058.000000 1034.000000
1923.000000 1019.000000
1793.000000 1004.000000
1668.000000 989.000000
1548.000000 975.000000
1432.947632 961.298218
2040.000000 1165.000000
1902.664917 1147.613770
1773.000000 1129.000000
1648.000000 1112.000000
1528.000000 1095.000000
1411.151733 1079.793335
2022.000000 1298.000000
1885.000000 1277.000000
1754.000000 1256.000000
1628.000000 1237.000000
1505.574829 1217.213745
1389.461548 1197.405396
2197.094971 555.456543
2095.000000 507.000000
1995.499756 459.210297
1899.000000 413.000000
1806.264404 369.197052
1716.000000 326.000000
2141.000000 628.000000
2037.735962 575.866760
1938.000000 527.000000
1841.216064 479.566071
1747.000000 433.000000
1656.479126 388.758820
2083.000000 702.000000
1979.000000 649.000000
1877.432251 595.928589
1780.000000 548.000000
1686.218384 500.024109
1596.855835 452.649750
2023.000000 779.000000
1917.000000 723.000000
1817.511963 669.523560
1718.000000 618.000000
1624.534424 567.936646
1531.397583 520.554260
1960.000000 858.000000
1854.000000 801.000000
1752.451660 745.646851
1654.228638 690.978516
1558.094727 639.992981
1467.642822 588.262878
1896.000000 941.000000
1789.250732 881.433228
1685.000000 823.000000
1586.327637 766.605774
1490.000000 713.000000
1398.495850 661.423828
1829.369873 1028.859009
1722.408936 963.469360
1616.000000 903.000000
1517.000000 844.000000
1421.265137 788.227478
1328.000000 733.000000
1759.696655 1115.102539
1648.827759 1047.588379
1546.000000 986.000000
1444.915405 923.018494
1349.000000 866.000000
1256.238159 809.715271
2222.000000 391.000000
2059.940918 375.700012
1888.257446 360.608459
1721.000000 343.000000
1547.000000 326.000000
1371.000000 309.000000
2184.000000 562.000000
2021.526733 549.602722
1859.000000 535.000000
1693.000000 520.000000
1523.460693 507.250824
1350.000000 493.000000
2147.000000 727.000000
1990.000000 715.000000
1829.000000 702.000000
1666.000000 690.000000
1500.000000 678.000000
1330.000000 667.000000
2113.000000 884.000000
1958.000000 874.000000
1800.000000 862.000000
1639.000000 852.000000
1476.000000 842.000000
1311.000000 831.000000
2080.000000 1035.000000
1928.000000 1026.000000
1772.000000 1017.000000
1615.000000 1008.000000
1455.000000 998.000000
1293.000000 989.000000
2048.000000 1179.000000
1899.000000 1172.000000
1748.507202 1164.512451
1592.000000 1157.000000
1436.000000 1149.000000
1277.000000 1141.000000
2018.000000 1318.000000
1871.000000 1313.000000
1722.000000 1307.000000
1570.775269 1299.295166
1418.000000 1294.000000
1261.000000 1287.000000
1988.000000 1453.000000
1844.000000 1448.000000
1699.000000 1444.000000
1550.000000 1439.000000
1400.000000 1434.000000
1245.000000 1428.000000
2111.000000 403.000000
2027.000000 409.000000
1934.155884 419.194580
1833.000000 426.000000
1724.740479 432.535400
1604.000000 445.000000
2069.000000 552.000000
1985.000000 565.000000
1893.000000 579.000000
1793.000000 593.000000
1685.000000 611.000000
1568.704468 629.551453
2029.000000 694.000000
1944.000000 712.000000
1853.121704 731.924011
1753.000000 751.000000
1647.000000 774.000000
1531.370605 797.330688
1991.000000 829.000000
1907.000000 852.000000
1814.817139 873.471191
1718.000000 902.000000
1612.000000 930.000000
1498.000000 961.000000
1954.000000 958.000000
1870.491943 984.112122
1782.156616 1014.106506
1684.000000 1044.000000
1582.767090 1079.273071
1466.870972 1112.010132
1917.556030 1081.335449
1837.000000 1112.000000
1749.000000 1146.000000
1655.221802 1181.262207
1552.000000 1219.000000
1441.465942 1260.155762
1885.000000 1200.000000
1804.000000 1234.000000
1718.000000 1270.000000
1624.000000 1310.000000
1522.000000 1352.000000
1412.000000 1396.000000
1853.939331 1311.706055
1773.000000 1350.000000
1686.261108 1389.176514
1595.000000 1433.000000
1495.000000 1479.000000
1388.387085 1529.699341
1823.771606 516.236877
1758.000000 523.000000
1687.053467 530.429810
1614.000000 538.000000
1535.545288 546.243958
1455.981323 553.297424
1795.000000 613.000000
1727.997559 622.398438
1659.000000 632.000000
1585.748535 642.708191
1509.000000 654.000000
1427.370605 665.073059
1765.693726 706.687073
1700.000000 718.000000
1631.388306 729.965027
1559.000000 743.000000
1483.063721 755.990662
1403.000000 770.000000
1737.490234 797.570557
1673.205933 810.035034
1604.156372 825.461853
1533.739990 838.903564
1459.000000 855.000000
1379.070679 870.898071
1711.719727 883.717285
1648.000000 899.000000
1580.024170 914.911072
1508.851563 932.595337
1434.862671 949.252258
1356.194702 968.606018
1686.069214 968.492371
1622.600220 984.572327
1555.813843 1002.862793
1486.005249 1020.973145
1411.838013 1041.572144
1334.736450 1061.498047
1661.791016 1048.689209
1599.251709 1067.471191
1532.895386 1086.836426
1463.263184 1107.542358
1390.649048 1128.776001
1314.600464 1150.912354
1638.335571 1127.804810
1575.879639 1147.210205
1510.589111 1168.867188
1441.879150 1190.598633
1370.160278 1213.750488
1293.988159 1238.209106
1493.490112 582.302307
1372.051514 562.893250
1255.707031 541.366150
1137.361816 520.098022
1021.394714 499.712158
904.855774 478.045929
1475.000000 694.000000
1357.651123 673.825989
1241.445313 652.933594
1127.224487 632.479187
1012.629883 611.285889
900.116821 591.397339
1456.018066 801.147339
1340.925903 780.844177
1229.089966 760.011108
1116.494385 739.052368
1005.782104 719.126099
894.272095 697.854187
1437.737427 903.990051
1327.057861 882.700073
1216.168213 862.074402
1106.872803 841.796387
997.753845 820.831482
889.602173 801.035522
1421.955078 1001.321289
1312.645386 980.978516
1204.451416 959.853149
1097.125610 939.539063
990.378357 919.304504
884.332458 898.906982
1405.862183 1096.086426
1299.029907 1074.578369
1193.144409 1054.304199
1087.693848 1033.668945
983.486511 1013.485840
879.286926 993.224487
1391.017578 1185.826782
1286.207520 1165.603760
1182.005005 1144.574585
1079.201172 1124.499146
976.547546 1104.176147
874.914856 1084.148682
1376.179810 1273.584839
1273.294678 1251.486206
1171.910889 1232.104370
1070.409180 1211.163330
970.177368 1191.443237
870.062134 1171.401245
1842.316406 545.256165
1731.194824 520.142395
1626.237305 493.832916
1522.000000 469.000000
1418.305542 444.641357
1316.739868 420.702576
1816.000000 648.000000
1708.332886 621.425537
1604.000000 596.000000
1501.337036 571.055725
1399.841431 546.561523
1301.853882 521.812195
1788.818604 745.991577
1685.000000 720.000000
1582.479126 693.945129
1483.000000 668.000000
1383.815430 643.624390
1286.439209 618.717224
1762.369263 841.550537
1661.704346 813.878540
1560.506348 788.380554
1464.100098 762.077393
1366.652344 736.794250
1272.994873 711.864929
1740.239502 931.874329
1641.000000 905.000000
1542.710449 877.975525
1445.247070 852.080994
1352.147583 826.004028
1258.881348 800.732727
1718.000000 1019.000000
1619.526245 991.450439
1522.876953 965.276245
1429.612061 938.287537
1336.775757 912.628784
1246.070313 886.938721
1695.353271 1103.158081
1599.111450 1076.135864
1505.756958 1048.393921
1412.918701 1022.378235
1322.763306 995.493652
1233.218018 970.183228
1674.190063 1185.116577
1580.249512 1156.121216
1488.084351 1129.770508
1397.875122 1101.914917
1308.862427 1076.530029
1221.040161 1050.083252
